Execução | Tempo Árvore (ms) | Tempo Cadeia (ms)
1         | 4.284
4.284
4.284
4.284             | 0.821
2         | 3.701
3.701
3.701
3.701             | 0.875
3         | 3.904
3.904
3.904
3.904             | 0.775
4         | 4.010
4.010
4.010
4.010             | 0.780
5         | 5.216
5.216
5.216
5.216             | 0.810
6         | 4.284
4.284
4.284
4.284             | 0.756
7         | 7.121
7.121
7.121
7.121             | 1.208
8         | 6.833
6.833
6.833
6.833             | 1.182
9         | 13.224
13.224
13.224
13.224             | 1.708
10         | 13.572
13.572
13.572
13.572             | 4.993
11         | 10.714
10.714
10.714
10.714             | 1.838
12         | 8.602
8.602
8.602
8.602             | 1.128
13         | 11.162
11.162
11.162
11.162             | 2.762
14         | 8.848
8.848
8.848
8.848             | 3.258
15         | 5.888
5.888
5.888
5.888             | 0.779
16         | 5.127
5.127
5.127
5.127             | 1.009
17         | 6.556
6.556
6.556
6.556             | 1.149
18         | 4.548
4.548
4.548
4.548             | 1.167
19         | 5.025
5.025
5.025
5.025             | 0.998
20         | 4.865
4.865
4.865
4.865             | 0.958
